224388201
273293400
273426300
273843020
273845910
276806000
276830000
338250000
338384000
338626000
367064000
367184150
367390380
367650000
412200335
412200336
412206009
412209146
412217992
412217993
412271470
412280935
412300377
412326884
412328724
412328762
412328763
412328785
412328786
412329634
412329635
412329684
412329685
412329686
412329687
412329689
412329691
412329692
412329693
412329694
412331011
412331039
412331061
412331067
412331069
412331071
412331073
412331147
412331209
412333738
412333792
412333795
412336827
412354058
412371205
412420109
412420288
412420315
412420376
412420382
412420417
412420418
412420438
412420461
412420532
412420563
412420578
412420653
412420666
412420799
412420801
412420809
412420816
412420908
412420938
412420957
412420964
412420965
412420972
412420987
412421004
412421005
412421016
412421017
412421041
412421057
412421066
412421068
412421072
412421108
412421113
412421133
412421137
412421144
412421145
412421182
412421184
412422732
412424374
412424491
412424547
412424702
412424703
412439575
412439601
412439608
412439617
412439618
412439741
412439761
412439762
412699220
416004105
416004186
416004244
416004545
416004693
416004729
416004775
416004842
416004853
416004857
416004889
416004981
416005006
416005007
416005506
416005531
416031600
416137600
416164900
416171800
416174500
416180600
416189700
416191500
416201700
416229800
416233800
416234600
416235800
416236800
416236900
416239500
416239600
416240600
416241600
416241700
416241900
416242500
416242600
416243800
416243900
416244800
416245500
416246500
416248500
416251900
416252600
416252900
416253500
416253700
416312000
416505000
416527000
416528000
416536000
416545000
416580000
416664000
416706000
440191000
440201000
440203000
440216000
440256000
440502000
440528000
440683000
440684000
440818000
441007000
441239687
441298000
441309000
441330000
441410000
441559000
441766000
441767000
441864000
441868000
577100000
577101000
701000607
701000626
701000651
701000662
701000681
701000691
701000708
701000924
701000964
701006056
701006074
701006085
701006145
701006149
701006151
701006609
740353000
740368000
